MCNPX
c Primeira coluna = célula
c segunda coluna = material
c Terceira coluna = Densidade (g/cm³)
c Quarta coluna = SuperfícieS (cm)
c ********************* BLOCK 1:CELLS ***********************
10   1 -1.14      -20 -1        imp:p=1
20   1 -1.14      -20 -2        imp:p=1
30   1 -1.14      -20 -3        imp:p=1
40   1 -1.14      -20 -4        imp:p=1
50   1 -1.14      -20 -5        imp:p=1
60   2 -3.95      -25        imp:p=1
61   2 -3.95      -26        imp:p=1
62   2 -3.95      -27        imp:p=1
63   2 -3.95      -28        imp:p=1
64   2 -3.95      -29        imp:p=1
70   2 -3.95      -30        imp:p=1
71   2 -3.95      -31        imp:p=1
72   2 -3.95      -32        imp:p=1
73   2 -3.95      -33        imp:p=1
74   2 -3.95      -34        imp:p=1
80   2 -3.95      -35        imp:p=1
81   2 -3.95      -36        imp:p=1
82   2 -3.95      -37        imp:p=1
83   2 -3.95      -38        imp:p=1
84   2 -3.95      -39        imp:p=1
90   2 -3.95      -40        imp:p=1
91   2 -3.95      -41        imp:p=1
92   2 -3.95      -42        imp:p=1
93   2 -3.95      -43        imp:p=1
94   2 -3.95      -44        imp:p=1
100   2 -3.95      -45        imp:p=1
101   2 -3.95      -46        imp:p=1
102   2 -3.95      -47        imp:p=1
103   2 -3.95      -48        imp:p=1
104   2 -3.95      -49        imp:p=1
110   3 -1.18      -6        imp:p=1
120   3 -1.18      -7        imp:p=1
130   3 -1.18      -8        imp:p=1
140   3 -1.18      -9        imp:p=1
150   3 -1.18      -10        imp:p=1
160   3 -1.18      -11        imp:p=1
170   3 -1.18      -12        imp:p=1
180   3 -1.18      -13        imp:p=1
190   1 -1.14      -14        imp:p=1
200   1 -1.14      -15        imp:p=1
210   1 -1.14      -16        imp:p=1
220   1 -1.14      -17        imp:p=1
230   1 -1.14      -18        imp:p=1
240   1 -1.14      -19        imp:p=1
250   6 -0.958      -20 (1 2 3 4 5 6 7 8 9 10 11 12 13 14 15 16 17 18
     19 25 26 27 28 29 30 31 32 33 34 35 36 37 38 39 40 41 42 43 44
     45 46 47 48 49)        imp:p=1 $Cera
260   4 -2.23      -21 20        imp:p=1 $Vidro
270   5 -0.001      -23 21        imp:p=1 $Entre vidro e cubo
280   0      -24 23        imp:p=1 $Entre cubo e borda
290   0      24        imp:p=0 $vacuo

c ******************* BLOCK 2: SURFACE CARDS *****************
1 S -3.25 -2.75 -0.25 0.25
2 S -2.2 -2.75 -0.25 0.3
3 S -1.05 -2.75 -0.25 0.35
4 S 0.2 -2.75 -0.25 0.4
5 S 1.6 -2.75 -0.25 0.5
6 RCC -4.5 0.5 0  0 0 0.08  0.3
7 RCC -3.2 0.5 0  0 0 0.07  0.3
8 RCC -1.9 0.5 0  0 0 0.06  0.3
9 RCC -0.6 0.5 0  0 0 0.05  0.3
10 RCC 0.7 0.5 0  0 0 0.04  0.3
11 RCC 2.0 0.5 0  0 0 0.03  0.3
12 RCC 3.3 0.5 0  0 0 0.02  0.3
13 RCC 4.6 0.5 0  0 0 0.01  0.3
14 RCC -4.5 2.2 0  0.5 1.0 0  0.07
15 RCC -2.5 2.2 0  0.5 1.0 0  0.06
16 RCC -0.5 2.2 0  0.5 1.0 0  0.04
17 RCC 1.5 2.2 0  0.5 1.0 0  0.035
18 RCC 3.5 2.2 0  0.5 1.0 0  0.03
19 RCC 5.5 2.2 0  0.5 1.0 0  0.02
c Cera
20 RPP -7 7 -3.5 3.5 -0.25 0.25
c Placas
21 RPP -8.0 8.0 -6 6 -0.75 0.75
22 PZ -0.25
c Bordas
23 rpp -20 20 -20 20 -20 20
24 so 70
25  S    -4.5 -0.75 0 0.045    
26  S    -4.6 -0.76 0 0.045  
27  S    -4.6 -0.74 0 0.045  
28  S    -4.4 -0.76 0 0.045  
29  S    -4.4 -0.74 0 0.045  
30  S    -2.5 -0.75 0 0.035
31  S    -2.6 -0.76 0 0.035
32  S    -2.6 -0.74 0 0.035
33  S    -2.4 -0.76 0 0.035
34  S    -2.4 -0.74 0 0.035
35  S    0.5 -0.75 0 0.030
36  S    0.6 -0.76 0 0.030
37  S    0.6 -0.74 0 0.030
38  S    0.4 -0.76 0 0.030
39  S    0.4 -0.74 0 0.030
40  S    2.5 -0.75 0 0.025        
41  S    2.6 -0.76 0 0.025        
42  S    2.6 -0.74 0 0.025        
43  S    2.4 -0.76 0 0.025        
44  S    2.4 -0.74 0 0.025       
45 S    4.5 -0.75 0 0.018 
46 S    4.6 -0.76 0 0.018 
47 S    4.6 -0.74 0 0.018 
48 S    4.4 -0.76 0 0.018 
49 S    4.4 -0.74 0 0.018 

c *********************** BLOCK 3: DATA CARDS ***********
m1     1000   -0.097976   $nylon type 6
     6000   -0.636856
     7000   -0.123779
     8000   -0.141389
m2     8000   -0.470749   $aluminum oxide
     13000  -0.529251
m3     1000   -0.041960   $Polyethylene Terephthalate
     6000   -0.625016
     8000   -0.333024
m4     5000   -0.040064   $Glass
     8000   -0.539562
     11000  -0.028191
     13000  -0.011644
     14000 -0.377220
     19000 -0.003321
m5     6000   -0.000124   $air
     7000   -0.755268 
     8000   -0.231781 
     18000   -0.012827
m6     1000  -0.136928   $beeswax
     6000   -0.815822
     8000   -0.047250
MODE p
sdef pos=0 0 60 vec=0 0 -1 dir=d1 erg=d2 par=2
c Coseno do ângulo de abertura do feixe (0 a 20)
si1 0.9397 1
c Fonte isotrópica
sp1 0 1
c Espectro do feixe
si2 l 0.0250 0.0252 0.0254 0.0256 0.0258 0.0260 0.0262 0.0264 0.0266
     0.0268 0.0270 0.0272 0.0274 0.0276 0.0278 0.0280 0.0282 0.0284 
     0.0286 0.0288 0.0290 0.0292 0.0294 0.0296 0.0398 0.0300 0.0302 
     0.0304 0.0306 0.0308 0.0310 0.0312 0.0314 0.0316 0.0318 0.0320 
     0.0322 0.0324 0.0326 0.0328 0.0330 0.0332 0.0334 0.0336 0.0338 
     0.0340 0.0342 0.344 0.0346 0.0348 0.0350
sp2 d 2.26E-05 1.17E-05 8.84E-05 1.98E-04 5.40E-04 6.88E-04 3.10E-03
     1.66E-03 3.74E-03 4.94E-03 7.51E-03 1.41E-02 1.80E-02 2.58E-02 
     3.30E-02 5.37E-02 4.35E-02 5.44E-02 5.99E-02 6.36E-02 6.53E-02 
     6.24E-02 6.33E-02 6.12E-02 6.65E-02 7.20E-02 9.20E-02 6.98E-01 
     6.47E-02 5.00E-02 5.04E-02 4.97E-02 1.62E-01 3.96E-03 3.95E-03 
     6.57E-03 3.51E-03 6.03E-03 4.97E-03 5.95E-03 3.33E-03 4.18E-03 
     1.69E-03 2.89E-03 1.90E-03 1.60E-03 2.32E-03 5.105E-04 3.403E-04
     1.362E-04 3.40E-05  
TIR5:p 0 0 -11 0 0 0 61 0 0 0
fs5 -10 299i 10                      1.021E-03
c5 -10 299i 10
print
prdmp 2.5e6 2.5e6 1 2
notrn
nps 10000
